run_step3_mt=[
  104	   104	   104	 20.08	 107.23
  208	   208	   208	 43.48	 165.18
  312	   312	   312	 63.47	 161.97
  416	   416	   416	 86.79	 177.10
  520	   520	   520	 107.91	 201.87
  624	   624	   624	 131.87	 204.35
  728	   728	   728	 154.99	 200.74
  832	   832	   832	 174.47	 199.49
  936	   936	   936	 197.65	 195.52
 1040	  1040	  1040	 212.74	 204.41
 1144	  1144	  1144	 121.87	 205.33
 1248	  1248	  1248	 131.39	 204.65
 1352	  1352	  1352	 141.44	 201.62
 1456	  1456	  1456	 152.62	 203.74
 1560	  1560	  1560	 162.01	 205.42
 1664	  1664	  1664	 172.30	 209.24
 1768	  1768	  1768	 184.51	 212.34
 1872	  1872	  1872	 194.24	 211.40
 1976	  1976	  1976	 206.42	 212.08
 2080	  2080	  2080	 209.93	 211.07
 2184	  2184	  2184	 153.13	 215.32
 2288	  2288	  2288	 160.44	 216.28
 2392	  2392	  2392	 168.13	 215.35
 2496	  2496	  2496	 175.17	 216.78
 2600	  2600	  2600	 181.02	 212.64
 2704	  2704	  2704	 189.33	 218.10
 2808	  2808	  2808	 196.62	 220.18
 2912	  2912	  2912	 205.50	 217.93
 3016	  3016	  3016	 211.04	 217.10
 3120	  3120	  3120	 217.32	 217.96
 3224	  3224	  3224	 172.37	 219.88
 3328	  3328	  3328	 176.48	 220.81
 3432	  3432	  3432	 182.55	 221.43
 3536	  3536	  3536	 187.91	 219.81
 3640	  3640	  3640	 192.99	 222.54
 3744	  3744	  3744	 199.46	 222.94
 3848	  3848	  3848	 202.04	 221.56
 3952	  3952	  3952	 210.10	 221.71
 4056	  4056	  4056	 216.95	 220.07
 4160	  4160	  4160	 219.39	 221.21
 4264	  4264	  4264	 182.00	 222.32
 4368	  4368	  4368	 185.05	 222.38
 4472	  4472	  4472	 190.47	 224.28
 4576	  4576	  4576	 196.27	 222.27
 4680	  4680	  4680	 199.47	 224.23
 4784	  4784	  4784	 203.97	 224.65
 4888	  4888	  4888	 206.81	 223.87
 4992	  4992	  4992	 213.91	 225.26
];