run_step3_mt=[
%m%n%k%MY_GFLOPS%REF_GFLOPS
		64    64    64  0.10  4.02
		128   128   128  0.73 15.98
		192   192   192  2.02 17.17
		256   256   256  3.93 17.00
		320   320   320  5.22 17.52
		384   384   384  6.09 17.15
		448   448   448 10.67 17.19
		512   512   512  8.25 17.17
		576   576   576 11.18 17.04
		640   640   640 10.02 17.17
		704   704   704 12.42 17.25
		768   768   768 14.59 17.23
		832   832   832 21.79 17.32
		896   896   896 25.38 17.38
		960   960   960 21.24 17.47
		1024  1024  1024 28.19 17.33
		1088  1088  1088 30.70 17.36
		1152  1152  1152 32.37 17.42
		1216  1216  1216 34.45 17.39
		1280  1280  1280 36.29 17.45
		1344  1344  1344 26.72 17.49
		1408  1408  1408 28.13 17.50
		1472  1472  1472 29.51 17.50
		1536  1536  1536 30.73 17.51
		1600  1600  1600 31.41 17.34
		1664  1664  1664 32.74 17.53
		1728  1728  1728 34.11 17.41
		1792  1792  1792 35.31 17.41
		1856  1856  1856 36.11 17.58
		1920  1920  1920 37.74 17.51
		1984  1984  1984 29.77 17.49
		2048  2048  2048 30.27 17.28
		2112  2112  2112 31.73 17.41
		2176  2176  2176 32.52 17.35
		2240  2240  2240 33.54 17.41
		2304  2304  2304 34.25 17.45
		2368  2368  2368 35.38 17.50
		2432  2432  2432 36.15 17.42
		2496  2496  2496 37.22 17.50
		2560  2560  2560 38.21 17.46
		2624  2624  2624 31.93 17.48
		2688  2688  2688 32.48 17.41
		2752  2752  2752 33.33 17.41
		2816  2816  2816 33.72 17.52
		2880  2880  2880 35.04 17.51
		2944  2944  2944 35.73 17.47
		3008  3008  3008 36.19 17.52
		3072  3072  3072 36.49 17.37
		3136  3136  3136 38.05 17.45
		3200  3200  3200 38.04 17.45
		3264  3264  3264 33.11 17.47
		3328  3328  3328 33.82 17.47
		3392  3392  3392 34.28 17.45
		3456  3456  3456 34.88 17.44
		3520  3520  3520 35.65 17.47
		3584  3584  3584 36.53 17.48
		3648  3648  3648 36.89 17.48
		3712  3712  3712 37.37 17.50
		3776  3776  3776 37.70 17.47
		3840  3840  3840 38.34 17.48
		3904  3904  3904 34.18 17.45
		3968  3968  3968 34.78 17.49
		4032  4032  4032 35.08 17.50
		4096  4096  4096 35.16 17.22
        ];
