run_step3_st=[
%m	%n	%k	%MY_GFLOPS	%REF_GFLOPS
   16	    16	    16	  0.13	  1.07
   32	    32	    32	  0.70	  1.29
   48	    48	    48	  1.37	  1.89
   64	    64	    64	  1.24	  1.89
   80	    80	    80	  2.65	  2.23
   96	    96	    96	  3.04	  2.27
  112	   112	   112	  3.12	  2.47
  128	   128	   128	  3.41	  2.86
  144	   144	   144	  4.43	  2.89
  160	   160	   160	  4.55	  3.07
  176	   176	   176	  5.03	  3.09
  192	   192	   192	  5.39	  3.40
  208	   208	   208	  5.79	  3.69
  224	   224	   224	  6.65	  4.04
  240	   240	   240	  7.05	  4.36
  256	   256	   256	  7.04	  4.27
  272	   272	   272	  8.76	  4.41
  288	   288	   288	  8.43	  4.41
  304	   304	   304	  9.03	  4.42
  320	   320	   320	  9.00	  4.42
  336	   336	   336	  9.13	  4.44
  352	   352	   352	  9.12	  4.44
  368	   368	   368	  9.19	  4.45
  384	   384	   384	  9.14	  4.42
  400	   400	   400	  9.27	  4.42
  416	   416	   416	  9.28	  4.44
  432	   432	   432	  9.37	  4.44
  448	   448	   448	  9.41	  4.44
  464	   464	   464	  9.50	  4.45
  480	   480	   480	  9.45	  4.45
  496	   496	   496	  9.51	  4.42
  512	   512	   512	  9.40	  4.40
  528	   528	   528	  9.63	  4.42
  544	   544	   544	  9.34	  4.42
  560	   560	   560	  9.43	  4.43
  576	   576	   576	  9.39	  4.43
  592	   592	   592	  9.48	  4.44
  608	   608	   608	  9.49	  4.44
  624	   624	   624	  9.55	  4.45
  640	   640	   640	  9.54	  4.45
  656	   656	   656	  9.58	  4.45
  672	   672	   672	  9.63	  4.45
  688	   688	   688	  9.68	  4.45
  704	   704	   704	  9.57	  4.46
  720	   720	   720	  9.73	  4.45
  736	   736	   736	  9.72	  4.43
  752	   752	   752	  9.78	  4.44
  768	   768	   768	  9.76	  4.43
  784	   784	   784	  9.85	  4.44
  800	   800	   800	  9.89	  4.45
  816	   816	   816	  9.90	  4.44
  832	   832	   832	  9.87	  4.43
  848	   848	   848	  9.96	  4.44
  864	   864	   864	  9.97	  4.42
  880	   880	   880	  9.99	  4.46
  896	   896	   896	  9.97	  4.46
  912	   912	   912	 10.02	  4.45
  928	   928	   928	 10.05	  4.43
  944	   944	   944	 10.02	  4.46
  960	   960	   960	 10.02	  4.43
  976	   976	   976	 10.04	  4.45
  992	   992	   992	 10.09	  4.44
 1008	  1008	  1008	 10.11	  4.43
 1024	  1024	  1024	  9.90	  4.40
];