run_step_final_st=[
    4	     4	     4	  0.07	   0
   19	    19	    19	  4.79	  6.39
   34	    34	    34	  9.99	 15.70
   49	    49	    49	 13.16	 17.94
   64	    64	    64	 16.92	 20.94
   79	    79	    79	 17.31	 20.89
   94	    94	    94	 18.43	 22.19
  109	   109	   109	 18.89	 21.95
  124	   124	   124	 22.85	 21.56
  139	   139	   139	 20.90	 23.06
  154	   154	   154	 21.81	 24.51
  169	   169	   169	 22.56	 24.20
  184	   184	   184	 24.10	 25.22
  199	   199	   199	 23.66	 24.10
  214	   214	   214	 23.62	 24.75
  229	   229	   229	 24.07	 25.02
  244	   244	   244	 24.11	 24.54
  259	   259	   259	 23.59	 22.98
  274	   274	   274	 23.63	 24.49
  289	   289	   289	 23.50	 23.48
  304	   304	   304	 24.38	 24.48
  319	   319	   319	 24.57	 23.56
  334	   334	   334	 23.63	 24.84
  349	   349	   349	 24.43	 24.72
  364	   364	   364	 24.73	 25.74
  379	   379	   379	 25.53	 25.01
  394	   394	   394	 24.62	 26.04
  409	   409	   409	 24.83	 25.29
  424	   424	   424	 25.38	 26.06
  439	   439	   439	 25.85	 25.26
  454	   454	   454	 25.85	 26.29
  469	   469	   469	 25.92	 25.56
  484	   484	   484	 26.14	 26.32
  499	   499	   499	 25.93	 25.62
  514	   514	   514	 25.35	 25.89
  529	   529	   529	 25.63	 25.97
  544	   544	   544	 25.97	 26.22
  559	   559	   559	 26.05	 26.03
  574	   574	   574	 25.98	 26.46
  589	   589	   589	 26.13	 26.25
  604	   604	   604	 26.18	 26.40
  619	   619	   619	 26.17	 26.26
  634	   634	   634	 26.00	 26.59
  649	   649	   649	 26.08	 26.36
  664	   664	   664	 26.29	 26.47
  679	   679	   679	 26.51	 26.31
  694	   694	   694	 26.40	 26.71
  709	   709	   709	 26.26	 26.48
  724	   724	   724	 26.33	 26.61
  739	   739	   739	 26.40	 26.50
  754	   754	   754	 26.03	 26.77
  769	   769	   769	 25.81	 26.02
  784	   784	   784	 26.29	 26.48
  799	   799	   799	 26.27	 26.35
  814	   814	   814	 26.16	 26.67
  829	   829	   829	 26.24	 26.40
  844	   844	   844	 26.22	 26.55
  859	   859	   859	 26.24	 26.31
  874	   874	   874	 26.28	 26.69
  889	   889	   889	 26.18	 26.42
  904	   904	   904	 26.45	 26.48
  919	   919	   919	 26.37	 26.34
  934	   934	   934	 26.34	 26.64
  949	   949	   949	 26.33	 26.43
  964	   964	   964	 26.31	 26.53
  979	   979	   979	 26.18	 26.31
  994	   994	   994	 26.24	 26.54
 1009	  1009	  1009	 25.83	 26.34
 1024	  1024	  1024	 25.97	 26.24
 1039	  1039	  1039	 25.87	 26.10
 1054	  1054	  1054	 25.93	 26.43
 1069	  1069	  1069	 25.96	 26.22
 1084	  1084	  1084	 25.90	 26.29
 1099	  1099	  1099	 25.97	 26.16
];