run_step3_st=[
    4	     4	     4	  0.13	   0
   19	    19	    19	  3.38	  6.39
   34	    34	    34	  5.23	 11.37
   49	    49	    49	  6.02	 17.94
   64	    64	    64	  7.51	 21.14
   79	    79	    79	  7.05	 20.08
   94	    94	    94	  8.93	 23.07
  109	   109	   109	  7.92	 23.11
  124	   124	   124	  9.17	 23.38
  139	   139	   139	  8.91	 23.47
  154	   154	   154	  8.88	 24.51
  169	   169	   169	  8.87	 24.32
  184	   184	   184	  9.35	 25.17
  199	   199	   199	  9.36	 23.96
  214	   214	   214	  9.31	 24.87
  229	   229	   229	  9.17	 24.29
  244	   244	   244	  9.38	 24.79
  259	   259	   259	  9.17	 23.01
  274	   274	   274	  9.19	 25.10
  289	   289	   289	  9.16	 24.20
  304	   304	   304	  9.46	 25.33
  319	   319	   319	  9.75	 24.44
  334	   334	   334	  9.58	 25.64
  349	   349	   349	  9.69	 24.76
  364	   364	   364	  9.75	 25.69
  379	   379	   379	  9.71	 25.08
  394	   394	   394	  9.68	 26.03
  409	   409	   409	  9.68	 25.37
  424	   424	   424	  9.93	 26.07
  439	   439	   439	  9.88	 25.26
  454	   454	   454	  9.85	 26.26
  469	   469	   469	  9.80	 25.60
  484	   484	   484	  9.85	 26.33
  499	   499	   499	  9.81	 25.19
  514	   514	   514	  9.73	 25.87
  529	   529	   529	  9.65	 26.03
  544	   544	   544	  9.91	 26.23
  559	   559	   559	  9.86	 26.00
  574	   574	   574	  9.58	 26.43
  589	   589	   589	  9.78	 26.20
  604	   604	   604	  9.86	 26.41
  619	   619	   619	  9.84	 26.20
  634	   634	   634	  9.82	 26.56
  649	   649	   649	  9.71	 26.37
  664	   664	   664	  9.88	 26.51
  679	   679	   679	  9.89	 26.29
  694	   694	   694	  9.89	 26.70
  709	   709	   709	  9.91	 26.41
  724	   724	   724	  9.92	 26.61
  739	   739	   739	  9.90	 26.51
  754	   754	   754	  9.85	 26.78
  769	   769	   769	  9.79	 26.08
  784	   784	   784	  9.93	 26.53
  799	   799	   799	  9.85	 26.35
  814	   814	   814	  9.87	 26.71
  829	   829	   829	  9.88	 26.53
  844	   844	   844	  9.89	 26.54
  859	   859	   859	  9.87	 26.48
  874	   874	   874	  9.82	 26.59
  889	   889	   889	  9.83	 26.43
  904	   904	   904	  9.90	 26.51
  919	   919	   919	  9.96	 26.40
  934	   934	   934	  9.91	 26.71
  949	   949	   949	  9.87	 26.45
  964	   964	   964	  9.90	 26.59
  979	   979	   979	  9.88	 26.38
  994	   994	   994	  9.85	 26.61
 1009	  1009	  1009	  9.84	 26.45
 1024	  1024	  1024	  9.91	 26.33
 1039	  1039	  1039	  9.90	 26.20
 1054	  1054	  1054	  9.88	 26.50
 1069	  1069	  1069	  9.85	 26.27
 1084	  1084	  1084	  9.86	 26.30
 1099	  1099	  1099	  9.85	 26.13
];