run_step3_mt=[
    4	     4	     4	  0.03	   inf
   35	    35	    35	  5.00	 14.39
   66	    66	    66	  6.47	 70.93
   97	    97	    97	  7.33	 65.44
  128	   128	   128	  9.94	 127.48
  159	   159	   159	 12.41	 105.70
  190	   190	   190	 14.91	 119.13
  221	   221	   221	 17.35	 168.61
  252	   252	   252	 20.03	 133.98
  283	   283	   283	 21.95	 169.15
  314	   314	   314	 24.17	 158.74
  345	   345	   345	 26.80	 169.69
  376	   376	   376	 29.55	 138.79
  407	   407	   407	 31.95	 181.97
  438	   438	   438	 34.38	 172.72
  469	   469	   469	 36.89	 181.31
  500	   500	   500	 39.67	 186.28
  531	   531	   531	 41.66	 185.19
  562	   562	   562	 43.81	 203.81
  593	   593	   593	 46.29	 189.64
  624	   624	   624	 49.19	 204.25
  655	   655	   655	 51.88	 186.60
  686	   686	   686	 54.46	 200.51
  717	   717	   717	 56.98	 188.34
  748	   748	   748	 59.51	 199.05
  779	   779	   779	 61.67	 186.85
  810	   810	   810	 64.05	 198.89
  841	   841	   841	 66.42	 206.18
  872	   872	   872	 69.18	 197.98
  903	   903	   903	 71.72	 204.39
  934	   934	   934	 73.88	 197.19
  965	   965	   965	 76.21	 204.30
  996	   996	   996	 79.04	 194.04
 1027	  1027	  1027	 80.43	 199.93
 1058	  1058	  1058	 42.13	 194.42
 1089	  1089	  1089	 43.39	 201.57
 1120	  1120	  1120	 44.79	 204.90
 1151	  1151	  1151	 45.99	 198.82
 1182	  1182	  1182	 47.16	 204.02
 1213	  1213	  1213	 48.41	 197.15
 1244	  1244	  1244	 49.60	 206.49
 1275	  1275	  1275	 50.79	 201.81
 1306	  1306	  1306	 51.62	 201.19
 1337	  1337	  1337	 53.05	 200.20
 1368	  1368	  1368	 54.21	 202.98
 1399	  1399	  1399	 55.35	 200.44
 1430	  1430	  1430	 56.71	 207.43
 1461	  1461	  1461	 57.74	 205.67
 1492	  1492	  1492	 59.11	 207.09
 1523	  1523	  1523	 60.47	 208.28
 1554	  1554	  1554	 61.23	 207.76
 1585	  1585	  1585	 62.32	 208.78
 1616	  1616	  1616	 63.52	 206.27
 1647	  1647	  1647	 64.14	 206.29
 1678	  1678	  1678	 64.29	 206.79
 1709	  1709	  1709	 67.06	 211.17
 1740	  1740	  1740	 68.02	 211.43
 1771	  1771	  1771	 69.64	 210.46
 1802	  1802	  1802	 70.33	 209.35
 1833	  1833	  1833	 71.75	 210.60
 1864	  1864	  1864	 72.93	 211.24
 1895	  1895	  1895	 74.10	 210.58
 1926	  1926	  1926	 75.18	 212.75
 1957	  1957	  1957	 76.94	 209.51
 1988	  1988	  1988	 78.04	 213.06
 2019	  2019	  2019	 79.26	 209.64
 2050	  2050	  2050	 78.96	 210.95
 2081	  2081	  2081	 54.36	 211.33
 2112	  2112	  2112	 55.28	 212.89
 2143	  2143	  2143	 56.28	 213.96
 2174	  2174	  2174	 56.93	 215.54
 2205	  2205	  2205	 57.67	 216.04
 2236	  2236	  2236	 58.61	 214.43
 2267	  2267	  2267	 59.27	 216.39
 2298	  2298	  2298	 60.28	 215.56
 2329	  2329	  2329	 60.63	 215.08
 2360	  2360	  2360	 61.65	 215.14
 2391	  2391	  2391	 62.31	 215.96
 2422	  2422	  2422	 63.20	 217.41
 2453	  2453	  2453	 64.24	 217.71
 2484	  2484	  2484	 65.22	 217.65
 2515	  2515	  2515	 65.77	 213.25
 2546	  2546	  2546	 66.96	 219.41
 2577	  2577	  2577	 67.25	 213.81
 2608	  2608	  2608	 68.28	 213.45
 2639	  2639	  2639	 69.20	 212.32
 2670	  2670	  2670	 69.74	 218.83
 2701	  2701	  2701	 70.89	 217.70
 2732	  2732	  2732	 72.12	 217.77
 2763	  2763	  2763	 72.71	 219.08
 2794	  2794	  2794	 73.20	 220.29
 2825	  2825	  2825	 73.66	 215.90
 2856	  2856	  2856	 74.70	 217.17
 2887	  2887	  2887	 75.40	 218.07
 2918	  2918	  2918	 76.33	 216.67
 2949	  2949	  2949	 76.77	 219.07
 2980	  2980	  2980	 77.73	 217.80
 3011	  3011	  3011	 78.53	 218.75
 3042	  3042	  3042	 79.28	 220.15
 3073	  3073	  3073	 80.10	 215.30
 3104	  3104	  3104	 80.97	 218.67
 3135	  3135	  3135	 61.62	 216.93
 3166	  3166	  3166	 62.74	 220.78
 3197	  3197	  3197	 63.19	 217.63
 3228	  3228	  3228	 63.92	 220.42
 3259	  3259	  3259	 64.27	 216.42
 3290	  3290	  3290	 64.80	 223.32
 3321	  3321	  3321	 65.76	 220.61
 3352	  3352	  3352	 65.86	 221.10
 3383	  3383	  3383	 66.59	 219.97
 3414	  3414	  3414	 67.38	 220.71
 3445	  3445	  3445	 67.78	 221.35
 3476	  3476	  3476	 68.40	 219.22
 3507	  3507	  3507	 68.95	 221.38
 3538	  3538	  3538	 69.43	 220.29
 3569	  3569	  3569	 70.15	 222.53
 3600	  3600	  3600	 70.42	 220.36
 3631	  3631	  3631	 69.77	 221.30
 3662	  3662	  3662	 69.08	 223.16
 3693	  3693	  3693	 70.09	 221.23
 3724	  3724	  3724	 71.80	 223.35
 3755	  3755	  3755	 73.26	 219.43
 3786	  3786	  3786	 74.86	 223.60
 3817	  3817	  3817	 75.32	 220.11
 3848	  3848	  3848	 74.55	 221.21
 3879	  3879	  3879	 75.46	 219.90
 3910	  3910	  3910	 76.81	 221.90
 3941	  3941	  3941	 77.17	 220.28
 3972	  3972	  3972	 78.01	 222.13
 4003	  4003	  4003	 78.20	 222.51
 4034	  4034	  4034	 78.33	 221.86
 4065	  4065	  4065	 79.64	 222.48
 4096	  4096	  4096	 80.35	 202.15
 4127	  4127	  4127	 79.56	 222.55
 4158	  4158	  4158	 78.46	 220.33
 4189	  4189	  4189	 63.60	 223.46
 4220	  4220	  4220	 64.32	 223.47
 4251	  4251	  4251	 66.24	 223.17
 4282	  4282	  4282	 67.72	 225.26
 4313	  4313	  4313	 68.03	 223.26
 4344	  4344	  4344	 68.54	 224.10
 4375	  4375	  4375	 68.65	 222.13
 4406	  4406	  4406	 69.41	 225.15
 4437	  4437	  4437	 69.88	 220.93
 4468	  4468	  4468	 70.27	 223.32
 4499	  4499	  4499	 70.65	 221.35
 4530	  4530	  4530	 71.02	 224.59
 4561	  4561	  4561	 71.56	 222.70
 4592	  4592	  4592	 71.95	 224.64
 4623	  4623	  4623	 72.35	 223.00
 4654	  4654	  4654	 71.53	 223.56
 4685	  4685	  4685	 71.47	 224.18
 4716	  4716	  4716	 72.46	 222.20
 4747	  4747	  4747	 74.29	 224.58
 4778	  4778	  4778	 75.25	 222.92
 4809	  4809	  4809	 75.69	 224.71
 4840	  4840	  4840	 76.15	 224.67
 4871	  4871	  4871	 76.49	 224.20
 4902	  4902	  4902	 77.00	 225.78
 4933	  4933	  4933	 77.53	 223.09
 4964	  4964	  4964	 78.11	 224.53
 4995	  4995	  4995	 78.67	 223.44
];