run_step1_mt=[
    4	     4	     4	  0.13	   0
   35	    35	    35	 10.90	 12.40
   66	    66	    66	 52.43	 63.47
   97	    97	    97	 55.48	 76.56
  128	   128	   128	 64.68	 131.28
  159	   159	   159	 52.20	 105.70
  190	   190	   190	 53.77	 119.13
  221	   221	   221	 48.39	 171.16
  252	   252	   252	 50.81	 135.05
  283	   283	   283	 49.88	 167.22
  314	   314	   314	 51.76	 161.71
  345	   345	   345	 51.10	 170.78
  376	   376	   376	 53.05	 139.52
  407	   407	   407	 52.08	 180.75
  438	   438	   438	 53.57	 172.55
  469	   469	   469	 53.14	 180.03
  500	   500	   500	 54.91	 187.82
  531	   531	   531	 52.53	 188.21
  562	   562	   562	 54.11	 204.48
  593	   593	   593	 53.09	 189.40
  624	   624	   624	 54.83	 205.13
  655	   655	   655	 51.98	 190.44
  686	   686	   686	 53.48	 200.47
  717	   717	   717	 52.50	 193.18
  748	   748	   748	 54.07	 205.45
  779	   779	   779	 52.83	 186.41
  810	   810	   810	 54.37	 198.97
  841	   841	   841	 52.76	 206.03
  872	   872	   872	 54.41	 195.59
  903	   903	   903	 53.11	 204.96
  934	   934	   934	 54.49	 204.23
  965	   965	   965	 53.45	 202.60
  996	   996	   996	 54.76	 203.30
 1027	  1027	  1027	 53.63	 198.55
 1058	  1058	  1058	 54.97	 197.14
 1089	  1089	  1089	 53.80	 199.89
 1120	  1120	  1120	 55.78	 190.48
 1151	  1151	  1151	 52.70	 200.53
 1182	  1182	  1182	 54.05	 201.49
 1213	  1213	  1213	 52.96	 197.50
 1244	  1244	  1244	 54.41	 201.63
 1275	  1275	  1275	 53.26	 201.92
 1306	  1306	  1306	 54.65	 195.06
 1337	  1337	  1337	 53.41	 197.97
 1368	  1368	  1368	 55.26	 197.23
 1399	  1399	  1399	 52.69	 199.95
 1430	  1430	  1430	 55.06	 203.90
 1461	  1461	  1461	 53.71	 201.98
 1492	  1492	  1492	 54.71	 203.57
 1523	  1523	  1523	 50.86	 203.18
 1554	  1554	  1554	 51.78	 203.36
 1585	  1585	  1585	 46.69	 202.77
 1616	  1616	  1616	 48.22	 202.74
 1647	  1647	  1647	 32.55	 205.91
 1678	  1678	  1678	 34.09	 208.15
 1709	  1709	  1709	 23.25	 207.60
 1740	  1740	  1740	 22.24	 206.13
 1771	  1771	  1771	 19.91	 207.50
 1802	  1802	  1802	 18.03	 206.18
 1833	  1833	  1833	 15.75	 207.36
 1864	  1864	  1864	 14.69	 205.47
 1895	  1895	  1895	 14.68	 207.84
 1926	  1926	  1926	 13.25	 208.57
 1957	  1957	  1957	 13.51	 209.12
 1988	  1988	  1988	 12.33	 208.85
 2019	  2019	  2019	 12.29	 209.27
 2050	  2050	  2050	 12.13	 207.06
 2081	  2081	  2081	 11.94	 207.54
 2112	  2112	  2112	 12.01	 208.50
 2143	  2143	  2143	 11.84	 210.21
 2174	  2174	  2174	 11.73	 213.56
 2205	  2205	  2205	 11.54	 210.95
 2236	  2236	  2236	 11.67	 211.75
 2267	  2267	  2267	 11.66	 212.42
 2298	  2298	  2298	 11.70	 215.22
 2329	  2329	  2329	 11.61	 211.14
 2360	  2360	  2360	 11.57	 211.14
 2391	  2391	  2391	 11.51	 213.09
 2422	  2422	  2422	 11.60	 215.03
 2453	  2453	  2453	 11.57	 214.31
 2484	  2484	  2484	 11.62	 214.40
 2515	  2515	  2515	 11.59	 214.44
 2546	  2546	  2546	 11.54	 215.58
 2577	  2577	  2577	 11.58	 213.35
 2608	  2608	  2608	 11.73	 209.45
 2639	  2639	  2639	 11.49	 214.17
 2670	  2670	  2670	 11.54	 215.81
 2701	  2701	  2701	 11.55	 214.48
 2732	  2732	  2732	 11.52	 214.78
 2763	  2763	  2763	 11.51	 215.02
 2794	  2794	  2794	 11.55	 218.14
 2825	  2825	  2825	 11.56	 214.58
 2856	  2856	  2856	 11.57	 215.41
 2887	  2887	  2887	 11.54	 215.06
 2918	  2918	  2918	 11.51	 217.87
 2949	  2949	  2949	 11.55	 216.37
 2980	  2980	  2980	 11.60	 216.14
 3011	  3011	  3011	 11.56	 215.90
 3042	  3042	  3042	 11.59	 217.69
 3073	  3073	  3073	 11.57	 212.16
 3104	  3104	  3104	 11.64	 214.38
 3135	  3135	  3135	 11.56	 218.92
 3166	  3166	  3166	 11.45	 218.48
 3197	  3197	  3197	 11.53	 217.82
 3228	  3228	  3228	 11.56	 217.41
 3259	  3259	  3259	 11.64	 218.64
 3290	  3290	  3290	 11.63	 219.33
 3321	  3321	  3321	 11.50	 219.16
 3352	  3352	  3352	 11.81	 216.33
 3383	  3383	  3383	 11.57	 218.21
 3414	  3414	  3414	 11.58	 219.38
 3445	  3445	  3445	 11.53	 217.87
 3476	  3476	  3476	 11.54	 219.59
 3507	  3507	  3507	 11.57	 218.65
 3538	  3538	  3538	 11.65	 219.82
 3569	  3569	  3569	 11.53	 220.03
 3600	  3600	  3600	 11.67	 217.97
 3631	  3631	  3631	 11.75	 219.66
 3662	  3662	  3662	 11.60	 220.85
 3693	  3693	  3693	 11.49	 220.11
 3724	  3724	  3724	 11.61	 221.13
 3755	  3755	  3755	 11.49	 220.58
 3786	  3786	  3786	 11.58	 222.39
 3817	  3817	  3817	 11.57	 221.20
 3848	  3848	  3848	 11.57	 218.25
 3879	  3879	  3879	 11.51	 217.11
 3910	  3910	  3910	 11.61	 219.16
 3941	  3941	  3941	 11.55	 218.18
 3972	  3972	  3972	 11.62	 219.42
 4003	  4003	  4003	 11.56	 220.41
 4034	  4034	  4034	 11.55	 221.73
 4065	  4065	  4065	 11.55	 220.64
 4096	  4096	  4096	 11.69	 173.76
 4127	  4127	  4127	 11.50	 220.83
 4158	  4158	  4158	 11.57	 223.76
 4189	  4189	  4189	 11.52	 222.05
 4220	  4220	  4220	 11.59	 221.36
 4251	  4251	  4251	 11.49	 221.68
 4282	  4282	  4282	 11.59	 222.78
 4313	  4313	  4313	 11.52	 222.46
 4344	  4344	  4344	 11.56	 220.90
 4375	  4375	  4375	 11.69	 221.64
 4406	  4406	  4406	 11.62	 223.09
 4437	  4437	  4437	 11.55	 222.22
 4468	  4468	  4468	 11.61	 222.11
 4499	  4499	  4499	 11.55	 222.07
 4530	  4530	  4530	 11.68	 223.54
 4561	  4561	  4561	 11.52	 220.83
 4592	  4592	  4592	 11.70	 221.95
 4623	  4623	  4623	 11.49	 222.68
 4654	  4654	  4654	 11.59	 224.55
 4685	  4685	  4685	 11.59	 222.92
 4716	  4716	  4716	 11.58	 223.62
 4747	  4747	  4747	 11.53	 222.67
 4778	  4778	  4778	 11.62	 225.57
 4809	  4809	  4809	 11.53	 223.49
 4840	  4840	  4840	 11.63	 221.57
 4871	  4871	  4871	 11.54	 221.94
 4902	  4902	  4902	 11.63	 223.09
 4933	  4933	  4933	 11.54	 221.89
 4964	  4964	  4964	 11.56	 222.48
 4995	  4995	  4995	 11.60	 222.81
];