run_step_final_mt=[
    4	     4	     4	  0.03	   0
   35	    35	    35	  8.56	 14.39
   66	    66	    66	 15.17	 63.47
   97	    97	    97	 17.89	 79.75
  128	   128	   128	 25.28	 126.56
  159	   159	   159	 31.63	 104.39
  190	   190	   190	 38.96	 118.15
  221	   221	   221	 46.03	 169.88
  252	   252	   252	 52.64	 133.98
  283	   283	   283	 57.90	 168.55
  314	   314	   314	 64.36	 157.97
  345	   345	   345	 69.90	 170.78
  376	   376	   376	 78.63	 138.10
  407	   407	   407	 85.56	 181.21
  438	   438	   438	 91.63	 172.89
  469	   469	   469	 99.01	 180.82
  500	   500	   500	 106.38	 186.15
  531	   531	   531	 111.23	 184.83
  562	   562	   562	 117.28	 204.51
  593	   593	   593	 124.79	 189.50
  624	   624	   624	 132.81	 204.76
  655	   655	   655	 139.29	 186.60
  686	   686	   686	 146.38	 200.57
  717	   717	   717	 152.88	 188.30
  748	   748	   748	 160.23	 199.62
  779	   779	   779	 165.52	 186.63
  810	   810	   810	 171.13	 198.86
  841	   841	   841	 177.24	 206.49
  872	   872	   872	 185.18	 197.04
  903	   903	   903	 192.20	 204.67
  934	   934	   934	 198.15	 197.43
  965	   965	   965	 202.94	 203.50
  996	   996	   996	 209.93	 194.04
 1027	  1027	  1027	 210.11	 200.02
 1058	  1058	  1058	 111.29	 194.74
 1089	  1089	  1089	 114.92	 200.99
 1120	  1120	  1120	 119.06	 205.70
 1151	  1151	  1151	 122.28	 194.95
 1182	  1182	  1182	 125.10	 203.66
 1213	  1213	  1213	 126.85	 199.88
 1244	  1244	  1244	 131.73	 205.41
 1275	  1275	  1275	 134.54	 203.14
 1306	  1306	  1306	 137.15	 200.97
 1337	  1337	  1337	 139.63	 200.28
 1368	  1368	  1368	 143.90	 203.30
 1399	  1399	  1399	 148.10	 200.79
 1430	  1430	  1430	 150.03	 207.16
 1461	  1461	  1461	 153.39	 205.97
 1492	  1492	  1492	 157.19	 207.24
 1523	  1523	  1523	 159.09	 207.25
 1554	  1554	  1554	 161.80	 205.97
 1585	  1585	  1585	 165.34	 208.24
 1616	  1616	  1616	 167.89	 205.13
 1647	  1647	  1647	 171.58	 209.76
 1678	  1678	  1678	 175.27	 208.60
 1709	  1709	  1709	 178.93	 211.63
 1740	  1740	  1740	 182.27	 209.85
 1771	  1771	  1771	 184.51	 210.03
 1802	  1802	  1802	 184.71	 208.92
 1833	  1833	  1833	 190.77	 210.08
 1864	  1864	  1864	 193.61	 211.03
 1895	  1895	  1895	 196.95	 210.36
 1926	  1926	  1926	 201.15	 213.67
 1957	  1957	  1957	 204.32	 210.49
 1988	  1988	  1988	 207.38	 213.43
 2019	  2019	  2019	 210.08	 208.65
 2050	  2050	  2050	 203.97	 210.79
 2081	  2081	  2081	 143.82	 211.09
 2112	  2112	  2112	 145.79	 212.86
 2143	  2143	  2143	 149.23	 213.75
 2174	  2174	  2174	 151.19	 215.32
 2205	  2205	  2205	 153.54	 214.55
 2236	  2236	  2236	 156.01	 215.00
 2267	  2267	  2267	 157.80	 216.37
 2298	  2298	  2298	 159.73	 215.73
 2329	  2329	  2329	 160.28	 214.71
 2360	  2360	  2360	 164.09	 215.40
 2391	  2391	  2391	 166.15	 215.04
 2422	  2422	  2422	 167.61	 217.81
 2453	  2453	  2453	 171.11	 216.61
 2484	  2484	  2484	 173.23	 217.51
 2515	  2515	  2515	 174.72	 212.77
 2546	  2546	  2546	 176.92	 219.03
 2577	  2577	  2577	 177.72	 213.38
 2608	  2608	  2608	 181.53	 213.34
 2639	  2639	  2639	 182.96	 212.88
 2670	  2670	  2670	 185.25	 218.71
 2701	  2701	  2701	 189.47	 217.77
 2732	  2732	  2732	 190.95	 217.69
 2763	  2763	  2763	 193.35	 219.00
 2794	  2794	  2794	 196.24	 220.24
 2825	  2825	  2825	 195.03	 216.98
 2856	  2856	  2856	 198.57	 217.86
 2887	  2887	  2887	 202.59	 217.84
 2918	  2918	  2918	 203.77	 216.83
 2949	  2949	  2949	 205.37	 218.79
 2980	  2980	  2980	 207.03	 218.13
 3011	  3011	  3011	 210.56	 218.88
 3042	  3042	  3042	 212.40	 219.84
 3073	  3073	  3073	 209.90	 213.66
 3104	  3104	  3104	 214.75	 216.96
 3135	  3135	  3135	 165.25	 215.72
 3166	  3166	  3166	 168.90	 220.46
 3197	  3197	  3197	 169.32	 217.14
 3228	  3228	  3228	 170.89	 221.41
 3259	  3259	  3259	 172.98	 216.49
 3290	  3290	  3290	 175.23	 223.34
 3321	  3321	  3321	 175.95	 220.67
 3352	  3352	  3352	 175.60	 219.31
 3383	  3383	  3383	 177.91	 220.49
 3414	  3414	  3414	 180.38	 220.63
 3445	  3445	  3445	 182.78	 220.43
 3476	  3476	  3476	 184.05	 219.49
 3507	  3507	  3507	 185.16	 220.60
 3538	  3538	  3538	 187.98	 220.44
 3569	  3569	  3569	 188.23	 221.33
 3600	  3600	  3600	 189.06	 219.24
 3631	  3631	  3631	 192.15	 219.45
 3662	  3662	  3662	 194.14	 222.53
 3693	  3693	  3693	 196.21	 222.31
 3724	  3724	  3724	 198.06	 222.78
 3755	  3755	  3755	 199.89	 219.88
 3786	  3786	  3786	 200.92	 224.46
 3817	  3817	  3817	 202.67	 219.35
 3848	  3848	  3848	 201.36	 221.75
 3879	  3879	  3879	 205.07	 217.90
 3910	  3910	  3910	 207.07	 221.65
 3941	  3941	  3941	 207.76	 220.66
 3972	  3972	  3972	 210.09	 222.10
 4003	  4003	  4003	 211.23	 223.18
 4034	  4034	  4034	 214.24	 222.69
 4065	  4065	  4065	 215.30	 222.02
 4096	  4096	  4096	 216.31	 196.87
 4127	  4127	  4127	 213.02	 221.95
 4158	  4158	  4158	 218.69	 221.46
 4189	  4189	  4189	 178.16	 224.23
 4220	  4220	  4220	 179.53	 221.94
 4251	  4251	  4251	 180.66	 222.44
 4282	  4282	  4282	 181.70	 224.50
 4313	  4313	  4313	 182.22	 222.52
 4344	  4344	  4344	 184.06	 225.12
 4375	  4375	  4375	 183.95	 220.87
 4406	  4406	  4406	 186.15	 224.98
 4437	  4437	  4437	 187.79	 220.33
 4468	  4468	  4468	 188.81	 223.98
 4499	  4499	  4499	 192.29	 220.86
 4530	  4530	  4530	 191.69	 226.53
 4561	  4561	  4561	 194.21	 222.49
 4592	  4592	  4592	 195.14	 224.58
 4623	  4623	  4623	 194.41	 223.64
 4654	  4654	  4654	 197.45	 223.81
 4685	  4685	  4685	 199.16	 224.77
 4716	  4716	  4716	 201.87	 221.44
 4747	  4747	  4747	 202.14	 225.44
 4778	  4778	  4778	 203.33	 222.83
 4809	  4809	  4809	 203.71	 225.68
 4840	  4840	  4840	 206.15	 224.95
 4871	  4871	  4871	 205.32	 223.34
 4902	  4902	  4902	 207.48	 225.36
 4933	  4933	  4933	 210.39	 224.39
 4964	  4964	  4964	 212.49	 224.91
 4995	  4995	  4995	 213.30	 222.39
];
