run_step10_st=[
           4     4     4  0.13   0
		   19    19    19  4.79 14.38
		   34    34    34  8.91 15.70
		   49    49    49 12.34 17.94
		   64    64    64 15.93 21.14
		   79    79    79 15.21 20.99
		   94    94    94 15.25 22.12
		   109   109   109 19.75 23.31
		   124   124   124 19.77 21.30
		   139   139   139 19.81 23.87
		   154   154   154 17.40 22.48
		   169   169   169 19.95 23.43
		   184   184   184 20.73 25.02
		   199   199   199 20.79 23.95
		   214   214   214 20.48 24.56
		   229   229   229 21.29 24.16
		   244   244   244 21.13 24.58
		   259   259   259 20.88 23.00
		   274   274   274 20.74 24.45
		   289   289   289 20.98 23.45
		   304   304   304 21.38 24.47
		   319   319   319 21.45 23.83
		   334   334   334 22.00 25.65
		   349   349   349 21.17 24.78
		   364   364   364 21.56 25.71
		   379   379   379 21.72 25.02
		   394   394   394 21.49 26.07
		   409   409   409 21.93 25.30
		   424   424   424 22.34 26.06
		   439   439   439 22.59 25.28
		   454   454   454 22.63 26.27
		   469   469   469 22.60 25.56
		   484   484   484 22.82 26.32
		   499   499   499 22.98 25.65
		   514   514   514 22.07 25.89
		   529   529   529 22.32 26.01
		   544   544   544 22.89 26.17
		   559   559   559 22.79 26.02
		   574   574   574 22.80 26.44
		   589   589   589 22.91 26.24
		   604   604   604 22.71 26.36
		   619   619   619 23.04 26.20
		   634   634   634 22.67 26.61
		   649   649   649 22.78 26.39
		   664   664   664 23.20 26.50
		   679   679   679 23.14 26.28
		   694   694   694 23.25 26.69
		   709   709   709 23.09 26.48
		   724   724   724 22.85 26.64
		   739   739   739 22.95 26.48
		   754   754   754 22.76 26.75
		   769   769   769 22.75 26.06
		   784   784   784 22.85 26.32
		   799   799   799 23.00 26.37
		   814   814   814 22.74 26.69
		   829   829   829 22.93 26.50
		   844   844   844 22.91 26.57
		   859   859   859 22.69 26.42
		   874   874   874 22.79 26.77
		   889   889   889 22.72 26.43
		   904   904   904 23.23 26.52
		   919   919   919 22.97 26.34
		   934   934   934 23.06 26.68
		   949   949   949 22.38 26.44
		   964   964   964 22.67 26.53
		   979   979   979 22.74 26.40
		   994   994   994 22.85 26.59
		   1009  1009  1009 22.78 26.43
		   1024  1024  1024 22.67 26.30
		   1039  1039  1039 22.94 26.13
		   1054  1054  1054 22.48 26.44
		   1069  1069  1069 22.78 26.21
		   1084  1084  1084 22.85 26.34
		   1099  1099  1099 22.89 26.16
	     ];
