run_step3_st=[
%m	%n	%k	%MY_GFLOPS	%REF_GFLOPS
   16	    16	    16	  2.64	  8.59
   32	    32	    32	 11.00	 17.18
   48	    48	    48	 14.73	 20.17
   64	    64	    64	 16.92	 19.29
   80	    80	    80	 18.28	 22.85
   96	    96	    96	 16.87	 23.34
  112	   112	   112	 18.24	 24.00
  128	   128	   128	 23.30	 23.81
  144	   144	   144	 22.61	 24.27
  160	   160	   160	 24.39	 24.30
  176	   176	   176	 24.73	 24.07
  192	   192	   192	 24.97	 25.15
  208	   208	   208	 24.49	 24.06
  224	   224	   224	 24.41	 24.43
  240	   240	   240	 24.29	 24.84
  256	   256	   256	 24.39	 25.11
  272	   272	   272	 23.05	 24.03
  288	   288	   288	 24.50	 24.45
  304	   304	   304	 24.65	 24.73
  320	   320	   320	 24.57	 24.78
  336	   336	   336	 24.82	 24.91
  352	   352	   352	 24.77	 25.85
  368	   368	   368	 25.02	 25.93
  384	   384	   384	 25.14	 25.83
  400	   400	   400	 25.23	 26.11
  416	   416	   416	 25.31	 26.17
  432	   432	   432	 25.59	 26.18
  448	   448	   448	 26.04	 26.23
  464	   464	   464	 25.91	 26.39
  480	   480	   480	 26.43	 26.48
  496	   496	   496	 26.29	 26.35
  512	   512	   512	 26.39	 26.36
  528	   528	   528	 25.54	 26.26
  544	   544	   544	 26.26	 26.33
  560	   560	   560	 26.24	 26.33
  576	   576	   576	 26.40	 26.40
  592	   592	   592	 26.39	 26.46
  608	   608	   608	 26.43	 26.53
  624	   624	   624	 26.48	 26.56
  640	   640	   640	 26.60	 26.52
  656	   656	   656	 26.64	 26.59
  672	   672	   672	 26.70	 26.63
  688	   688	   688	 26.52	 26.67
  704	   704	   704	 26.61	 26.69
  720	   720	   720	 26.81	 26.72
  736	   736	   736	 26.71	 26.79
  752	   752	   752	 26.82	 26.78
  768	   768	   768	 26.78	 26.64
  784	   784	   784	 26.49	 26.61
  800	   800	   800	 26.57	 26.62
  816	   816	   816	 26.60	 26.62
  832	   832	   832	 26.51	 26.67
  848	   848	   848	 26.52	 26.65
  864	   864	   864	 26.52	 26.59
  880	   880	   880	 26.47	 26.61
  896	   896	   896	 26.32	 26.55
  912	   912	   912	 26.55	 26.47
  928	   928	   928	 26.31	 26.44
  944	   944	   944	 26.31	 26.59
  960	   960	   960	 26.03	 26.47
  976	   976	   976	 26.02	 26.21
  992	   992	   992	 25.99	 26.22
 1008	  1008	  1008	 26.02	 26.23
 1024	  1024	  1024	 25.96	 26.06
];
